01110000000000000000000000101110
01101001110101111100000000000001
00111101111001111000000000000001
00111101111001111000000000000001
00111101111001111000000000000001
01101100000000000100000000000000
01100101110100000100000000000011
01101100000000001000000000000000
01001100000100001000000000000011
01100101110100000100000000000010
00101100000100000001110000000000
01110000000000000000000000100100
01100101110100000100000000000000
00111101110000000100000000000000
01100101110100001100000000000000
01100101110100010000000000000001
00001100001100010000000000000000
00101000000000000000010100000000
01100101110100001100000000000001
00001000010100001100000000000000
00101000000000000000010000000000
01100101110100001000000000000000
00000100001000010000001100000000
01101001111000001000000000000000
00111101111001111000000000000001
01101001111000001100000000000000
00111101111001111000000000000001
01101001111000000100000000000000
00111101111001111000000000000001
01101001111000001000000000000000
00111101111001111000000000000001
01101001111001110100000000000000
00111101111001110100000000000000
00111101111001111000000000000001
01101001110100001000000000000011
01101001110100000100000000000010
01110100000000000000000000000001
00111101110101111000000000000000
01100101110101110100000000000000
01000001111001111000000000000001
01100101111000001000000000000000
01000001111001111000000000000001
01100101111000000100000000000000
00111101110001110000000000000000
01100101110101111100000000000001
00110001111100000000000000000000
00111101111001111000000000000001
00111101111001111000000000000001
10001000000000000001110000000000
01101001110101110000000000000000
10001000000000000001110000000000
01101001110101110000000000000001
01100101110100000100000000000000
01101001111000000100000000000000
00111101111001111000000000000001
01100101110100000100000000000001
01101001111000000100000000000000
00111101111001111000000000000001
01101001111000000100000000000000
00111101111001111000000000000001
01101001111000001000000000000000
00111101111001111000000000000001
01101001111001110100000000000000
00111101111001110100000000000000
00111101111001111000000000000001
01101001110100001000000000000011
01101001110100000100000000000010
01110100000000000000000000000001
00111101110101111000000000000000
01100101110101110100000000000000
01000001111001111000000000000001
01100101111000001000000000000000
01000001111001111000000000000001
01100101111000000100000000000000
10000001110000000000000000000000
