01101100000001110000000010000000
01101100000001110100000011111111
01110000000000000000000011011110
01000001110101110100000000001000
01101001110101111100000000000111
01101001110101111000000000000110
00101101110100000001111000000000
01101001111000010000000000000000
01101001111000010100000000000001
01101100000000000100000000001010
00101100000100000000001000000000
01101001111000001000000000000000
01101100000000001100000000000000
00101100001100000000010000000000
01101001111000010000000000000001
01101100000000010100000000000000
01100101111000001000000000000000
00100000010100001000011000000000
01001100011000000000000000111000
01101100000000011100000000001001
01100101110000100000000000000000
01100000100000011100000000011010
01101100000000100100000000000000
00101100100100000000100000000000
01101001110000100000000000000000
01110000000000000000000000011010
01100101110000100000000000000000
00111101110000101000000000000010
00000000101000100000101000000000
01100100101000101100000000000000
01101100000000110000000000000001
01010000101100110000000000101001
01100101110000100000000000000000
00101100100000000001101100000000
01101100000000110100000000000001
00101100110100000000010000000000
01101001111000010000000000000001
01101100000000111000000000000000
00101100111000000000001000000000
01101001111000001000000000000000
01110000000000000000000000110111
01101100000000111100000000000001
01100101111000001000000000000000
00000100001000111101000000000000
00101101000000000000001000000000
01101001111000001000000000000000
01101100000001000100000000000000
01100101111000001000000000000000
01100000001001000100000000110111
01101100000001001000000000000001
01100101110000100000000000000000
00000000100001001001001100000000
00101101001100000000100000000000
01101001110000100000000000000000
01110000000000000000000000110111
01110000000000000000000000001111
01101100000001010000000000000001
01100101111000010000000000000001
01010000010001010000000001001010
01100101110000100000000000000000
10110000100000000000000000000000
10111000000000000000000000000000
01101100000001010100000000000001
01100101110001011000000000000001
01010001011001010100000001000101
01101100000001011100000001100100
10010001011100000000000000000000
10010100000000000000000000000000
01110000000000000000000001000101
01101100000001100000000000000001
01100101110000100000000000000000
00000000100001100001100100000000
00101101100100000000100000000000
01110000000000000000000001001101
01101100000001101000000000000000
00101101101000000000100000000000
01101001110000100000000000000000
10001100000000000000000000000000
01100101110101111100000000000111
01100101110101111000000000000110
00111101110101110100000000001000
00110001111100000000000000000000
01000001110101110100000000001000
01101001110101111100000000000111
01101001110101111000000000000110
00101101110100000001111000000000
10011000000000000000000000000000
10110100000000000000000000000000
01100101110000100000000000000000
00101100100000000000010000000000
01100101110000100000000000000000
00101100100000000000010100000000
00101101011100000000011000000000
01000001110101101000000000000001
01101001101000001000000000000000
01000001110101101000000000000010
01101001101000001100000000000000
01000001110101101000000000000011
01101001101000010100000000000000
01000001110101101000000000000100
01101001101000011000000000000000
01000001110101101000000000000101
01101001101000011100000000000000
01000001110101101000000000000110
01101001101000100000000000000000
01000001110101101000000000000111
01101001101000100100000000000000
01000001110101101000000000001000
01101001101000101000000000000000
01000001110101101000000000001001
01101001101000101100000000000000
01000001110101101000000000001010
01101001101000110000000000000000
01000001110101101000000000001011
01101001101000110100000000000000
01000001110101101000000000001100
01101001101000111000000000000000
01000001110101101000000000001101
01101001101000111100000000000000
01000001110101110100000000001101
01110100000000000000000000000011
00111101110101110100000000001101
01000001110101101000000000001101
01100101101000111100000000000000
01000001110101101000000000001100
01100101101000111000000000000000
01000001110101101000000000001011
01100101101000110100000000000000
01000001110101101000000000001010
01100101101000110000000000000000
01000001110101101000000000001001
01100101101000101100000000000000
01000001110101101000000000001000
01100101101000101000000000000000
01000001110101101000000000000111
01100101101000100100000000000000
01000001110101101000000000000110
01100101101000100000000000000000
01000001110101101000000000000101
01100101101000011100000000000000
01000001110101101000000000000100
01100101101000011000000000000000
01000001110101101000000000000011
01100101101000010100000000000000
01000001110101101000000000000010
01100101101000001100000000000000
01000001110101101000000000000001
01100101101000001000000000000000
01100101110101111100000000000111
01100101110101111000000000000110
00111101110101110100000000001000
00110001111100000000000000000000
01000001110101110100000000001000
01101001110101111100000000000111
01101001110101111000000000000110
00101101110100000001111000000000
10011000000000000000000000000000
01101100000000001100000000000000
01100101110000100000000000000000
00111101110000010100000000000010
00000000010100100000010100000000
01101000010100001100000000000000
01000001110101101000000000000001
01101001101000001000000000000000
01000001110101101000000000000010
01101001101000001100000000000000
01000001110101101000000000000011
01101001101000010100000000000000
01000001110101101000000000000100
01101001101000011000000000000000
01000001110101101000000000000101
01101001101000011100000000000000
01000001110101101000000000000110
01101001101000100000000000000000
01000001110101101000000000000111
01101001101000100100000000000000
01000001110101101000000000001000
01101001101000101000000000000000
01000001110101101000000000001001
01101001101000101100000000000000
01000001110101101000000000001010
01101001101000110000000000000000
01000001110101101000000000001011
01101001101000110100000000000000
01000001110101101000000000001100
01101001101000111000000000000000
01000001110101101000000000001101
01101001101000111100000000000000
01000001110101110100000000001101
01110100000000000000000001010010
00111101110101110100000000001101
01000001110101101000000000001101
01100101101000111100000000000000
01000001110101101000000000001100
01100101101000111000000000000000
01000001110101101000000000001011
01100101101000110100000000000000
01000001110101101000000000001010
01100101101000110000000000000000
01000001110101101000000000001001
01100101101000101100000000000000
01000001110101101000000000001000
01100101101000101000000000000000
01000001110101101000000000000111
01100101101000100100000000000000
01000001110101101000000000000110
01100101101000100000000000000000
01000001110101101000000000000101
01100101101000011100000000000000
01000001110101101000000000000100
01100101101000011000000000000000
01000001110101101000000000000011
01100101101000010100000000000000
01000001110101101000000000000010
01100101101000001100000000000000
01000001110101101000000000000001
01100101101000001000000000000000
00101100000100000000011000000000
01100101110101111100000000000111
01100101110101111000000000000110
00111101110101110100000000001000
00110001111100000000000000000000
01000001110101101000000000000010
01101001101001111000000000000000
01000001110101110100000000000010
00101101110100000001111000000000
01101100000000011100000000000000
00101100011100000000100100000000
01101001111000100100000000000000
10001000000000000000101000000000
10000000101000000000000000000000
00101100101000000001011000000000
01101001110001011000000000000001
01101100000000101100000000001010
01100101111000100100000000000000
00100000100100101100110000000000
01001100110000000000000011111001
10001000000000000000110100000000
10000000110100000000000000000000
01100101111000100100000000000000
00111101110000111000000000000010
00000000111000100100111000000000
01101000111000110100000000000000
01101100000000111100000000000001
01100101111000100100000000000000
00000000100100111101000000000000
00101101000000000000100100000000
01101001111000100100000000000000
01110000000000000000000011101001
01000001110101101000000000000001
01101001101000001000000000000000
01000001110101101000000000000010
01101001101000001100000000000000
01000001110101101000000000000011
01101001101000010100000000000000
01000001110101101000000000000100
01101001101000011000000000000000
01000001110101101000000000000101
01101001101000011100000000000000
01000001110101101000000000000110
01101001101000100000000000000000
01000001110101101000000000000111
01101001101000100100000000000000
01000001110101101000000000001000
01101001101000101000000000000000
01000001110101101000000000001001
01101001101000101100000000000000
01000001110101101000000000001010
01101001101000110000000000000000
01000001110101101000000000001011
01101001101000110100000000000000
01000001110101101000000000001100
01101001101000111000000000000000
01000001110101101000000000001101
01101001101000111100000000000000
01000001110101110100000000001101
01110100000000000000000000000011
00111101110101110100000000001101
01000001110101101000000000001101
01100101101000111100000000000000
01000001110101101000000000001100
01100101101000111000000000000000
01000001110101101000000000001011
01100101101000110100000000000000
01000001110101101000000000001010
01100101101000110000000000000000
01000001110101101000000000001001
01100101101000101100000000000000
01000001110101101000000000001000
01100101101000101000000000000000
01000001110101101000000000000111
01100101101000100100000000000000
01000001110101101000000000000110
01100101101000100000000000000000
01000001110101101000000000000101
01100101101000011100000000000000
01000001110101101000000000000100
01100101101000011000000000000000
01000001110101101000000000000011
01100101101000010100000000000000
01000001110101101000000000000010
01100101101000001100000000000000
01000001110101101000000000000001
01100101101000001000000000000000
00101100000100000000001000000000
00101100000100000000011100000000
01111000000000000000000000000000
