01101100000001110000000010000000
01101100000001110100000011111111
01110000000000000000000000110001
01000001110100001000000000000001
01101000001001111100000000000000
01000001110100001000000000000010
01101000001001111000000000000000
01000001110101110100000000001000
00111101110101111000000000000100
01101001111000010000000000000000
01101001111000010100000000000001
01101100000000000100000000000000
01100101111000001000000000000001
01010000001000000100000000010111
01100101111000001100000000000000
00101100001100000000000100000000
00111101111001110100000000000100
01000001110100001000000000000010
01100100001001111000000000000000
01000001110100001000000000000001
01100100001001111100000000000000
00111101110101110100000000001000
00110001111100000000000000000000
01100101111000001100000000000000
01100101111000001000000000000001
00001100001100001000010000000000
01100101111000001000000000000001
00001000010000001000010100000000
01100101111000001100000000000000
00000100001100010100011000000000
01100101111000001000000000000001
00101100001000000000010000000000
00101100011000000000010100000000
01110100000000000000000000000011
00101100000100000000011100000000
00101100011100000000000100000000
00111101111001110100000000000100
01000001110100001000000000000010
01100100001001111000000000000000
01000001110100001000000000000001
01100100001001111100000000000000
00111101110101110100000000001000
00110001111100000000000000000000
00111101111001110100000000000100
01000001110100001000000000000010
01100100001001111000000000000000
01000001110100001000000000000001
01100100001001111100000000000000
00111101110101110100000000001000
01000001110100001000000000000010
01101000001001111000000000000000
01000001110101110100000000000010
00101101110100000001111000000000
10001000000000000000100000000000
10000000100000000000000000000000
00101100100000000000100100000000
01101001111000100100000000000000
10001000000000000000101000000000
10000000101000000000000000000000
00101100101000000000101100000000
01101001111000101100000000000001
01100101111000100100000000000000
00101100100100000000010000000000
01100101111000101100000000000001
00101100101100000000010100000000
01110100000000000000000000000011
00101100000100000000110000000000
00101100000100000000011100000000
10000000011100000000000000000000
01111000000000000000000000000000
