01110000000000000000000000011001
01100101110100000100000000000001
01001100001000000000000000000101
01100101110100001100000000000000
00101100001100000000000100000000
00110001111100000000000000000000
01100101110100001100000000000000
01100101110100000100000000000001
00001100001100000100000000000000
00101000000000000000010000000000
01100101110100000100000000000001
00001000010000000100000000000000
00101000000000000000010100000000
01100101110100001100000000000000
00000100001100010100011000000000
01101001110100011000000000000001
01100101110100000100000000000001
01101001110100000100000000000000
01101001110101111100000000000010
01110100000000000000000000000001
01100101110101111100000000000010
00101100000100000000011100000000
00101100011100000000000100000000
00110001111100000000000000000000
00110001111100000000000000000000
10001000000000000000100000000000
01101001110100100000000000000000
10001000000000000000100100000000
01101001110100100100000000000001
01100101110100101000000000000001
01101001110100101000000000000001
01100101110100101100000000000000
01101001110100101100000000000000
01101001110101111100000000000010
01110100000000000000000000000001
01100101110101111100000000000010
00101100000100000000110000000000
10000000110000000000000000000000
01111000000000000000000000000000
