01101100000001110000000010000100
01101100000001110100000011111111
01110000000000000000000000000011
01000001110100000000001000000010
01101000001001111000000000000000
01000001110100000001110100000010
00101101110100000001111000000000
01101100000000000100000000001010
00101100000100000000001000000000
01101001110000001000000000000000
01101100000000001100000000010100
00101100001100000000001000000000
01101001110000001000000000000000
01101100000000010000000000011110
00101100010000000000001000000000
01101001110000001000000000000000
01101100000000010100000000000000
00011000011000000000011000000010
00111101110000000000011000000000
00000000011000011000011000000000
01100100011000011100000000000000
10000000011100000000000000000000
01101100000000100000000000000001
00011000011000000000011000000010
00111101110000000000011000000000
00000000011000011000011000000000
01100100011000100100000000000000
10000000100100000000000000000000
01101100000000101000000000000010
00011000011000000000011000000010
00111101110000000000011000000000
00000000011000011000011000000000
01100100011000101100000000000000
10000000101100000000000000000000
01111000000000000000000000000000
