01101100000001110000000010000000
01101100000001110100000011111111
01110000000000000000000000000011
01000001110100001000000000000010
01101000001001111000000000000000
01000001110101110100000000000010
00101101110100000001111000000000
10001000000000000000000100000000
10000000000100000000000000000000
00101100000100000000001000000000
01101001111000001000000000000000
01101100000000001100000000000000
00101100001100000000010000000000
01101001111000010000000000000001
01101100000000010100000000001010
01100101111000010000000000000001
00100000010000010100011000000000
01001100011000000000000000011111
01101100000000011100000000000001
01100101111000001000000000000000
00000000001000011100100000000000
00101100100000000000001000000000
01101001111000001000000000000000
01101100000000100100000000000001
01100101111000010000000000000001
00000000010000100100101000000000
00101100101000000000010000000000
01101001111000010000000000000001
01100101111000001000000000000000
10000000001000000000000000000000
01110000000000000000000000001110
01111000000000000000000000000000
